image: 20200229a.pgm
resolution: 0.025400
origin: [-50.012600, -50.012600, 0.000000]
negate: 0
occupied_thresh: 0.65
free_thresh: 0.196

