image: 20200305a.pgm
resolution: 0.050000
origin: [-6.404121, -2.635722, 0.000000]
negate: 0
occupied_thresh: 0.65
free_thresh: 0.196

