image: map_20190428_1053.pgm
resolution: 0.025400
origin: [-10.011400, -21.379200, 0.000000]
negate: 0
occupied_thresh: 0.65
free_thresh: 0.196

