# oST version 5.0 parameters


[image]

width
1280

height
720

[narrow_stereo]

camera matrix
692.714907 0.000000 669.034211
0.000000 694.031188 374.123808
0.000000 0.000000 1.000000

distortion
0.046403 -0.058003 0.000816 -0.000659 0.000000

rectification
1.000000 0.000000 0.000000
0.000000 1.000000 0.000000
0.000000 0.000000 1.000000

projection
690.240112 0.000000 670.692420 0.000000
0.000000 700.648804 374.649093 0.000000
0.000000 0.000000 1.000000 0.000000

