image_width: 1280
image_height: 720
camera_name: camerav2_1280x720
camera_matrix:
  rows: 3
  cols: 3
  data: [988.263946, 0.000000, 653.493952, 0.000000, 987.068065, 380.156171, 0.000000, 0.000000, 1.000000]
distortion_model: plumb_bob
distortion_coefficients:
  rows: 1
  cols: 5
  data: [0.134579, -0.276285, 0.001312, 0.004496, 0.000000]
rectification_matrix:
  rows: 3
  cols: 3
  data: [1.000000, 0.000000, 0.000000, 0.000000, 1.000000, 0.000000, 0.000000, 0.000000, 1.000000]
projection_matrix:
  rows: 3
  cols: 4
  data: [995.644531, 0.000000, 660.588140, 0.000000, 0.000000, 1005.757935, 380.770604, 0.000000, 0.000000, 0.000000, 1.000000, 0.000000]
