%YAML:1.0
image_width: 1280
image_height: 720
camera_name: narrow_stereo
camera_matrix: !!opencv-matrix
  dt: f
  rows: 3
  cols: 3
  data: [999.532206, 0.000000, 632.296438, 0.000000, 999.659590, 351.818679, 0.000000, 0.000000, 1.000000]
distortion_model: plumb_bob
distortion_coefficients: !!opencv-matrix
  dt: f
  rows: 1
  cols: 5
  data: [0.162214, -0.289577, 0.004704, 0.001163, 0.000000]
rectification_matrix: !!opencv-matrix
  dt: f
  rows: 3
  cols: 3
  data: [1.000000, 0.000000, 0.000000, 0.000000, 1.000000, 0.000000, 0.000000, 0.000000, 1.000000]
projection_matrix: !!opencv-matrix
  dt: f
  rows: 3
  cols: 4
  data: [1018.728149, 0.000000, 633.312554, 0.000000, 0.000000, 1023.016907, 354.286218, 0.000000, 0.000000, 0.000000, 1.000000, 0.000000]
