# oST version 5.0 parameters


[image]

width
640

height
480

[narrow_stereo]

camera matrix
501.656046 0.000000 315.406392
0.000000 502.868800 239.180917
0.000000 0.000000 1.000000

distortion
0.147116 -0.261792 0.004301 0.003131 0.000000

rectification
1.000000 0.000000 0.000000
0.000000 1.000000 0.000000
0.000000 0.000000 1.000000

projection
510.499054 0.000000 317.134714 0.000000
0.000000 514.040100 240.826142 0.000000
0.000000 0.000000 1.000000 0.000000

